3.046773
9.454049
16.363966
23.898710
32.209290
41.481853
51.945129
63.879051
77.624512
93.594124
112.283485
134.282272
160.283997
191.092514
227.623322
270.896210
322.016907
382.144379
452.442902
534.019714
627.852478
734.715027
855.111206
989.228882
1136.921997
1297.724365
1470.892944
1655.471680
1850.365479
2054.413818
2266.453613
2485.370850
2710.133301
2939.811768
3173.588379
3410.755859
3650.711914
3892.949707
4137.046875
4382.654297
4629.484863
4877.303223
5125.918945
5375.176758
5624.951660
5875.141113